3500020 0
3500062 0
3500688 0
3501616 0
3501234 0
3503692 0
3502818 0
3503439 0
3503088 0
3503131 0
3502314 0
3502315 0
3501660 0
3501283 0
3502775 0
3503117 0
3503579 0
3503672 0
3502835 0
3502036 0
3502987 0
3502681 0
3503528 0
3501984 0
3502604 0
3501377 0
3501247 0
3503529 0
3501394 0
3503331 0
3502628 0
3503539 0
3503382 0
3503378 0
3502538 0
3503230 0
3502615 0
3503432 200
3501352 0
3501968 0
3501475 0
3502734 0
3502320 0
3503116 200
3502345 0
3502861 0
3503049 0
3503047 0
3503427 0
3503268 0
3502632 0
3502682 0
3502688 0
3503062 0
3503063 0
3502839 0
3501383 0
3501571 0
3502030 0
3502194 0
3503075 0
3501401 0
3503482 0
3502294 0
3503045 150
3502528 0
3501032 0
3501879 0
3502303 0
3502304 0
3502531 0
3502725 0
3501718 0
3502849 0
3503068 0
3502664 0
3501222 0
3501224 0
3502680 0
3500587 0
3503379 0
3502642 0
3502943 0
3502607 0
3502852 0
3501911 0
3503058 0
3501557 0
3502957 0
3503396 0
3502013 0
3501948 0
3502613 0
3502645 0
3502626 0
3502907 0
3502900 0
3503190 0
3503191 0
3502630 0
3503542 0
3501897 0
3502739 0
3502819 0
3501481 0
3501990 0
3502961 0
3503343 0
3503315 0
3501410 150
3501898 0
3502922 0
3501581 0
3502853 0
3502031 0
3503534 0
3502737 0
3502730 0
3502713 0
3502389 0
3502390 0
3503475 0
3503042 0
3502962 0
3501560 0
3502827 0
3502670 0
3502723 0
3502724 0
3502715 0
3502134 0
3502644 0
3501855 0
3502741 0
3503476 0
3502629 0
3501416 0
3501927 0
3501362 0
3501423 0
3503513 0
3503027 0
3502678 0
3502430 0
3501931 0
3503056 0
3502668 0
3501586 0
3501566 0
3501860 0
3502621 0
3501946 0
3503478 0
3502848 0
3501551 0
3501584 0
3501441 150
3503115 0
3501474 0
3501279 0
3505837 0
3505032 0
3506052 0
3506540 0
3506622 0
3505047 0
3505864 0
3506356 0
3505048 0
3505056 0
3506615 150
3505741 0
3505959 0
3505934 0
3505062 0
3506670 0
3506357 0
3506548 0
3506216 0
3506552 0
3506507 0
3505627 0
3505304 0
3506376 0
3505895 0
3506238 0
3505314 0
3505310 0
3505311 0
3505312 0
3504409 0
3506355 0
3505626 0
3505984 0
3505902 200
3506320 0
3504800 0
3505149 0
3505969 0
3505754 0
3505258 0
3505755 0
3505828 0
3505583 0
3506020 0
3505890 0
3506169 0
3506297 0
3506280 0
3505094 0
3505042 0
3506301 0
3506395 0
3505079 0
3505740 0
3506065 0
3505954 0
3505955 0
3505956 0
3505960 0
3506521 0
3505163 0
3505786 0
3506510 0
3506608 0
3506087 0
3506418 0
3505876 0
3505664 0
3505372 0
3505373 0
3506252 0
3505883 0
3505268 0
3505297 0
3506193 0
3505319 0
3505914 0
3505795 0
3505745 0
3505746 0
3506516 0
3506059 0
3505051 0
3506235 0
3505277 0
3505481 0
3505942 200
3505423 0
3506198 0
3505888 0
3505872 0
3505961 0
3505728 0
3506604 0
3506060 200
3505915 0
3505649 0
3505058 0
3505911 0
3506163 0
3506164 0
3506188 0
3505774 0
3505096 0
3506273 0
3505080 0
3505118 0
3505098 0
3506305 0
3505119 0
3505120 0
3506309 0
3506295 0
3505084 0
3506296 0
3505085 150
3505086 0
3505090 0
3505109 0
3504225 0
3505948 0
3506549 0
3506724 0
3505616 0
3504970 0
3505896 0
3505064 0
3505065 0
3506705 0
3505459 0
3505203 0
3505212 0
3505001 0
3506053 0
3505400 0
3507695 0
3508795 0
3508120 0
3508405 0
3508375 0
3509258 0
3509376 0
3507904 0
3508879 0
3509251 0
3508167 0
3508163 150
3509028 0
3509395 0
3508948 0
3508596 0
3508811 0
3508610 0
3509106 0
3507788 0
3506923 0
3509264 0
3509269 0
3509262 0
3507826 0
3506892 0
3508826 0
3508863 0
3508942 0
3508729 0
3508187 0
3509313 0
3508999 0
3508959 0
3509233 0
3508844 0
3508829 0
3508938 0
3509007 0
3508854 0
3508389 0
3508977 0
3508864 0
3508847 0
3508830 0
3508831 0
3508748 0
3509327 0
3509271 0
3509046 0
3508939 0
3508140 0
3508659 0
3508411 0
3508381 0
3508779 0
3508423 0
3508793 0
3508960 0
3508934 0
3508391 0
3509316 0
3508076 0
3509213 0
3508952 0
3508116 0
3509323 0
3508570 0
3508853 0
3508274 0
3508085 0
3508845 0
3509244 0
3509275 0
3508954 0
3511657 0
3511221 0
3512118 0
3512275 0
3512276 0
3512173 0
3511911 0
3511800 0
3511042 0
3511439 0
3511567 0
3512193 0
3512209 0
3511692 0
3510926 0
3509474 0
3511673 0
3511675 0
3512253 0
3511708 0
3511101 0
3512228 0
3511843 0
3510932 0
3511252 0
3511860 0
3511278 0
3511280 0
3511740 0
3510867 0
3512272 0
3511679 0
3511195 0
3511826 0
3511917 0
3512098 0
3510928 0
3511782 0
3511783 0
3511784 0
3511802 0
3511490 0
3511703 0
3510985 0
3511058 0
3511473 0
3512054 0
3512073 0
3511238 0
3511743 0
3511983 0
3511686 0
3511060 0
3511721 0
3510927 200
3511814 0
3511984 0
3511915 0
3512099 0
3511245 0
3510858 0
3511200 0
3511544 0
3511840 0
3510930 0
3510852 0
3511914 0
3511065 0
3511738 150
3511732 0
3511688 0
3511805 0
3512321 0
3511693 0
3511943 0
3512197 0
3511689 0
3510866 0
3514029 0
3515024 0
3514069 0
3514560 0
3513916 0
3514486 0
3514775 0
3514182 0
3514487 0
3514444 0
3514445 0
3514986 0
3513726 0
3514576 0
3514516 0
3514712 0
3515109 0
3513336 0
3514480 0
3512800 0
3514223 0
3514397 0
3514704 0
3514509 0
3514085 0
3514574 0
3514898 0
3513716 0
3514500 0
3514481 0
3514501 0
3514559 0
3514744 0
3514606 0
3513697 0
3514542 0
3515053 0
3513801 0
3515038 0
3513866 150
3513708 0
3515019 0
3515100 0
3514168 0
3514217 0
3514752 0
3515063 0
3514708 0
3514776 0
3514960 0
3514242 0
3514512 0
3514517 0
3514675 0
3514945 0
3513847 0
3514387 0
3514376 0
3514788 0
3513923 0
3513924 0
3514569 0
3514572 0
3513925 0
3513926 0
3513927 0
3514662 200
3514525 150
3514356 0
3514368 0
3514369 0
3514773 0
3513752 0
3513709 0
3514785 0
3513644 0
3514727 150
3514670 0
3514678 0
3514502 0
3513711 0
3514888 0
3514503 0
3513839 0
3514677 0
3514699 0
3514344 0
3514108 0
3513721 0
3514669 0
3514739 0
3518531 0
3518064 0
3518632 0
3517850 0
3517381 0
3518430 0
3515536 0
3516669 0
3518171 200
3517046 0
3517047 0
3517919 0
3517925 0
3517926 0
3518389 0
3518415 0
3518588 0
3518015 0
3516768 0
3518030 0
3517942 0
3517324 0
3517325 0
3517341 0
3518017 0
3518275 0
3518076 0
3518615 0
3517996 0
3518001 0
3517021 0
3517687 0
3518616 200
3517252 0
3517676 0
3518348 0
3517741 0
3517888 0
3517938 0
3517086 0
3517016 0
3518010 0
3517896 0
3517649 0
3518423 0
3517033 0
3517323 0
3517585 0
3517984 0
3517472 0
3517950 0
3517806 0
3517951 0
3517999 0
3517037 0
3518516 0
3518529 0
3518538 0
3517566 0
3516520 0
3516998 0
3518000 0
3517042 0
3517977 0
3518141 0
3518197 0
3518440 0
3517409 0
3518200 0
3517863 0
3517860 0
3516960 0
3517813 0
3516950 0
3516953 0
3517022 0
3518195 0
3517980 0
3518034 0
3518078 0
3517915 0
3517374 0
3517898 0
3517891 0
3517326 0
3518243 0
3518428 0
3518160 0
3518618 0
3517839 0
3517027 0
3517449 0
3517429 0
3518461 0
3518202 0
3517168 0
3520547 0
3522276 0
3521803 0
3522692 0
3521715 0
3522650 0
3520348 0
3522578 0
3521504 0
3522426 0
3520561 0
3521601 0
3522592 0
3521032 0
3521976 0
3522218 0
3522183 0
3522220 0
3522221 0
3522222 0
3522223 0
3521115 0
3521124 0
3521770 0
3520684 0
3521922 0
3520248 0
3520490 0
3522558 0
3521786 0
3520858 0
3521779 0
3521234 0
3522173 0
3520686 0
3522170 0
3520831 0
3521649 0
3520687 0
3521819 0
3521524 0
3521776 0
3521777 0
3521778 0
3522146 0
3522483 0
3521051 0
3521955 0
3521630 0
3521956 0
3522095 0
3521576 0
3521705 0
3521177 0
3521441 0
3522451 150
3522550 0
3521515 0
3520950 0
3521821 0
3521822 150
3521860 0
3521858 0
3522108 0
3522523 0
3521857 0
3522520 0
3521382 0
3521493 0
3521768 0
3520691 0
3522112 0
3522226 0
3522545 0
3521771 0
3521695 0
3521788 0
3521897 0
3522227 0
3522401 0
3521970 0
3521986 0
3522395 0
3521442 0
3522675 0
3522320 0
3521249 0
3522129 0
3521980 0
3521961 0
3521683 0
3520689 0
3522616 0
3520715 0
3522446 0
3521239 0
3521753 0
3522543 0
3525069 0
3524486 0
3524970 0
3525502 0
3523124 0
3523176 0
3522720 0
3525073 0
3524404 0
3525071 0
3524323 0
3524702 0
3524755 0
3524153 0
3523980 0
3525559 0
3524136 0
3523710 0
3523111 0
3523126 0
3524160 0
3525054 0
3525366 0
3525004 0
3525026 0
3525131 0
3524146 0
3524086 0
3524147 0
3525002 0
3525055 0
3525070 0
3524462 0
3525122 0
3524941 0
3525349 0
3525350 0
3524937 0
3525354 0
3525445 0
3524114 0
3523264 0
3525077 0
3524479 0
3524308 0
3524459 0
3524785 0
3525091 0
3524949 0
3524948 200
3525470 0
3524804 150
3524454 0
3524935 0
3525007 0
3525490 0
3524046 0
3525174 0
3524351 0
3525393 0
3525123 0
3525124 0
3525135 0
3525170 0
3524991 0
3524287 0
3524131 0
3524984 0
3525378 0
3518563 0
3524172 0
3524694 0
3524145 0
3525524 0
3524282 0
3524070 0
3524071 0
3524154 0
3524150 0
3524142 0
3524151 0
3525106 0
3524294 0
3524944 0
3524965 0
3524570 0
3525093 0
3524394 0
3524152 0
3524288 0
3525237 0
3525196 0
3525072 0
3526881 0
3528493 0
3526578 0
3525983 0
3527694 0
3528442 0
3526186 0
3525817 0
3527132 0
3527240 0
3527179 0
3528441 0
3527023 0
3527932 0
3528004 0
3527933 0
3527522 0
3527716 0
3527513 0
3528092 0
3528000 0
3528349 0
3528175 0
3527942 0
3527954 0
3527766 0
3528509 0
3527949 0
3528166 0
3528167 150
3527829 0
3528186 0
3528516 0
3527332 0
3527170 0
3527994 0
3527459 0
3527424 0
3527948 0
3527114 0
3527335 0
3528075 0
3528076 0
3527235 0
3528437 150
3527760 0
3528230 0
3528066 0
3528201 0
3527680 0
3527943 0
3527893 0
3527056 0
3528130 0
3527329 0
3527446 0
3528042 0
3527803 0
3527804 0
3527805 0
3527851 0
3527965 0
3527952 0
3528006 0
3527702 0
3527124 0
3527073 0
3527382 0
3528223 0
3527962 0
3527940 150
3527315 0
3528082 0
3527234 0
3527437 0
3527455 0
3528170 0
3528171 0
3528172 150
3528011 0
3527674 0
3528284 0
3527771 0
3528096 0
3528173 0
3527935 0
3528260 0
3527979 0
3527096 200
3527125 0
3527956 0
3528013 0
3528586 0
3528426 0
3528164 0
3528405 0
3531367 0
3531762 0
3531722 0
3531694 0
3529211 0
3530997 0
3528753 0
3531131 0
3531312 0
3531242 0
3528823 0
3531690 0
3531723 0
3529776 0
3531666 0
3531266 0
3530161 0
3531078 0
3530419 0
3531439 0
3531243 0
3531119 0
3531081 0
3531121 0
3530422 0
3530599 0
3531151 0
3530600 0
3530191 0
3530178 0
3530179 0
3530182 0
3530431 0
3530315 0
3530740 0
3531099 0
3531557 0
3531683 0
3531678 0
3531692 0
3531686 0
3531679 0
3531684 0
3531687 0
3531808 0
3530536 0
3531793 0
3531092 0
3530521 0
3531337 0
3530093 0
3531583 0
3531379 0
3531074 0
3531075 0
3531070 0
3531224 0
3530504 0
3531657 0
3531096 0
3531391 0
3531225 0
3531394 0
3530550 0
3531171 0
3531414 0
3531165 0
3530493 0
3531354 0
3531152 0
3531327 0
3531083 0
3530843 0
3531277 0
3530517 0
3530962 0
3530796 0
3530797 0
3530560 0
3530569 0
3531550 0
3531058 0
3531338 0
3531076 0
3530811 0
3531124 0
3531670 150
3531246 0
3530221 0
3531625 0
3530856 0
3531240 0
3531511 0
3530532 0
3531095 0
3531452 0
3530818 0
3530819 0
3531307 0
3530820 0
3531263 0
3531248 0
3531774 0
3531802 0
3531334 0
3530876 0
3531597 0
3531812 0
3531775 0
3531341 0
3530611 0
3530289 0
3534529 0
3534086 0
3534081 0
3533026 0
3532873 0
3534265 0
3534264 0
3534234 0
3534127 0
3534146 0
3534603 0
3533652 0
3533558 0
3533774 0
3533978 0
3533655 0
3534174 0
3534130 0
3533405 0
3533385 0
3534044 0
3534576 0
3534292 0
3533386 0
3533479 0
3533789 0
3533408 0
3533363 0
3534307 0
3534538 0
3534291 0
3533998 0
3534258 0
3534131 0
3534132 0
3534133 0
3533374 0
3534235 150
3534309 150
3534310 150
3533654 0
3534154 0
3534374 0
3533387 0
3533568 0
3534185 0
3533734 0
3534597 0
3533986 0
3533379 0
3533520 0
3534359 0
3534256 0
3534001 0
3534556 0
3534186 0
3534143 0
3533415 0
3534093 0
3533609 0
3533700 0
3534331 0
3534304 0
3534353 0
3534267 0
3534269 0
3534371 0
3534321 0
3534020 0
3533613 0
3533330 0
3534346 200
3533860 0
3533692 0
3534245 0
3533968 0
3534373 0
3537332 0
3535683 0
3537164 0
3536538 0
3537751 0
3537280 0
3537754 150
3537078 0
3537140 0
3535987 0
3537138 0
3535583 0
3537163 0
3534789 0
3535832 0
3535186 0
3537061 0
3537336 0
3537125 0
3536176 0
3536823 0
3537350 0
3536359 0
3537404 0
3537697 0
3537117 0
3536921 0
3536224 0
3537682 0
3536225 0
3537579 0
3536293 0
3537113 0
3537402 0
3537337 0
3536486 0
3537688 0
3537245 0
3537692 0
3537266 0
3537171 0
3536581 0
3537248 0
3537255 0
3537715 0
3537178 0
3537256 0
3536901 0
3537096 0
3537118 0
3537678 0
3537412 0
3536277 0
3536278 0
3537450 0
3537451 0
3537334 0
3537116 0
3537128 0
3537237 0
3537430 0
3537378 0
3536210 0
3537339 150
3537129 0
3536349 0
3537184 0
3537259 0
3536500 0
3537212 0
3537539 0
3536237 0
3536940 0
3537130 0
3536519 200
3536275 0
3537405 0
3537074 0
3536647 0
3537417 0
3537699 0
3537067 0
3537064 0
3536898 0
3537387 150
3537717 0
3537473 0
3536241 0
3537264 0
3537141 0
3536220 0
3537097 0
3537218 0
3536361 0
3537114 0
3536865 0
3537322 0
3540679 0
3540387 0
3540849 0
3538372 0
3539099 0
3539588 0
3540341 0
3540344 0
3539621 0
3540753 0
3540342 0
3540343 0
3540613 0
3541084 0
3540987 0
3538484 0
3540716 0
3540603 0
3539849 0
3539116 0
3539835 0
3538079 0
3540428 0
3540469 0
3539820 0
3539843 0
3540380 0
3539801 0
3539837 0
3540651 0
3541024 0
3540384 0
3540422 0
3540879 0
3540475 0
3540709 0
3540774 0
3539462 0
3540899 0
3539906 0
3540381 0
3541144 0
3540633 0
3540992 0
3540458 0
3540370 0
3540465 0
3540578 0
3540499 0
3540635 0
3540636 0
3541042 0
3540429 0
3539603 0
3539733 0
3540471 0
3540476 0
3540463 0
3540850 0
3540663 0
3540444 0
3540558 0
3540488 0
3539639 0
3540388 0
3540389 0
3540508 0
3540472 0
3541085 0
3540385 0
3539789 0
3540473 0
3540474 0
3540490 150
3540489 0
3540685 0
3541044 0
3540457 0
3539874 0
3540459 0
3540104 0
3539681 0
3540287 0
3539508 0
3540869 0
3540383 0
3539457 0
3539472 0
3539919 0
3541086 0
3540225 0
3540235 0
3539914 0
3540705 0
3540551 0
3539851 0
3541100 0
3540905 0
3540764 0
3539499 0
3539500 150
3539365 0
3540363 0
3540680 0
3540398 0
3540329 0
3539663 0
3539734 0
3540592 0
3539587 0
3539505 0
3539469 0
3540608 0
3540257 0
3539580 0
3540492 0
3541063 0
3540495 0
3541071 0
3539626 0
3540436 0
3540410 0
3541001 0
3539397 0
3539620 0
3541584 0
3542568 0
3543374 0
3542719 0
3542966 0
3542573 0
3543650 0
3542550 0
3542279 0
3543407 0
3543816 0
3543858 0
3544100 0
3544320 0
3544282 0
3543673 0
3541713 150
3544350 0
3542611 0
3542613 0
3543402 0
3543342 0
3543829 0
3543396 0
3543325 0
3543897 0
3543722 0
3544206 0
3543984 0
3543678 0
3543608 0
3542707 0
3543898 0
3543201 0
3543803 0
3543086 0
3542913 0
3543537 0
3543395 0
3544377 0
3543656 0
3543715 0
3543823 0
3544268 0
3544269 0
3543657 0
3542971 150
3543930 0
3542874 0
3542880 0
3542230 0
3544358 0
3543830 0
3544077 0
3542712 0
3543645 0
3543485 0
3543647 0
3543737 0
3543045 0
3544324 0
3544281 0
3543734 0
3543671 0
3543670 0
3543474 0
3542616 0
3543646 0
3543747 0
3543383 0
3543503 0
3543189 0
3543609 0
3542911 0
3544019 0
3544395 0
3543818 0
3543980 0
3542744 0
3543659 0
3543390 0
3542958 0
3543473 0
3543073 0
3543710 0
3543977 0
3543515 0
3543923 0
3543148 0
3544170 0
3543661 0
3543495 0
3543490 0
3544388 0
3543907 0
3544000 0
3542888 0
3543179 0
3543833 0
3543832 0
3543825 0
3542725 0
3542728 0
3543669 0
3543939 0
3542840 0
3543348 0
3543639 0
3543978 0
3542231 0
3544840 0
3544851 0
3544560 0
3545895 0
3545886 0
3547514 0
3544908 0
3546932 0
3544775 150
3546921 0
3546710 0
3546611 0
3544669 0
3546930 0
3545318 0
3547064 0
3546139 0
3546934 0
3544910 0
3546924 0
3547688 0
3545749 0
3545567 0
3546760 0
3546973 0
3545820 0
3545760 0
3545997 0
3547456 0
3545822 0
3546980 0
3545986 0
3547544 0
3547545 0
3547541 0
3547546 0
3547542 0
3546152 0
3546564 0
3545848 0
3547246 0
3546086 0
3546931 0
3546134 0
3546135 0
3546870 0
3545992 0
3547554 0
3546956 0
3546715 0
3546902 0
3547059 0
3547268 0
3546335 0
3547666 0
3547644 0
3546697 0
3546346 0
3547072 0
3547287 0
3547060 0
3547660 0
3547572 0
3547776 0
3545686 0
3544680 0
3544716 0
3547187 0
3547678 0
3547093 0
3547086 0
3546917 0
3547663 0
3547478 0
3546750 0
3546893 0
3547630 0
3546933 0
3546883 0
3547052 0
3547081 0
3547018 150
3546549 0
3545878 0
3546329 0
3547624 0
3547556 0
3546076 0
3546778 0
3546965 0
3546400 0
3546985 0
3547547 0
3547228 0
3547213 0
3546005 0
3546885 0
3546333 0
3545851 0
3547548 0
3547124 0
3546351 0
3546271 0
3547205 0
3547063 0
3546782 0
3545990 0
3546774 0
3546773 0
3547067 0
3546837 0
3546129 0
3547654 0
3547680 0
3545852 0
3547290 0
3546897 0
3547295 0
3547705 0
3547275 0
3547553 0
3546360 0
3546901 0
3546630 0
3545826 0
3547480 0
3546369 0
3545888 0
3547569 0
3546894 0
3546035 0
3546474 0
3546847 0
3546074 150
3545827 0
3547280 0
3547754 0
3545839 0
3546320 0
3546960 0
3546955 0
3545754 0
3548230 0
3548724 0
3548474 0
3550478 0
3548583 0
3550284 0
3550282 0
3550260 0
3550281 0
3550363 0
3550773 0
3547882 0
3550501 0
3550411 0
3550606 0
3550141 0
3549376 0
3550911 0
3549983 0
3548450 0
3550256 0
3550860 0
3550458 0
3550763 0
3550607 0
3549471 0
3550412 0
3550295 0
3549827 0
3549828 0
3549384 0
3548830 0
3550878 0
3549517 0
3550278 0
3550211 0
3549835 0
3550389 0
3550469 150
3550269 0
3550326 0
3550419 0
3550258 0
3549488 0
3550348 0
3549848 0
3550946 0
3550495 0
3550235 0
3550435 0
3550570 0
3549441 0
3550274 0
3549869 0
3550388 0
3550085 0
3549871 0
3550848 0
3549428 0
3550324 0
3549868 0
3549902 0
3550286 0
3550547 0
3550726 0
3549514 0
3550853 0
3550729 0
3550840 0
3552095 0
3553692 0
3553409 0
3554094 0
3551393 0
3553249 0
3552678 0
3552195 0
3553198 0
3550989 0
3553500 0
3552086 0
3553613 0
3553017 0
3553197 0
3551134 0
3554062 0
3553622 0
3552508 0
3553487 0
3553881 0
3551270 0
3552752 0
3553485 0
3553528 0
3553479 0
3553641 0
3552098 0
3553649 0
3554009 0
3554037 0
3553980 0
3553974 0
3553987 0
3552886 0
3553342 0
3553551 0
3553615 0
3553480 0
3552663 0
3552919 0
3553559 0
3552570 0
3553536 0
3553565 0
3553687 0
3553338 0
3553220 0
3552898 0
3552899 0
3553455 0
3552861 0
3553563 0
3553967 0
3553686 0
3553337 0
3553477 0
3552300 0
3553490 200
3553349 0
3553297 0
3554041 0
3552811 0
3553788 0
3553562 0
3553513 0
3552927 0
3552573 200
3553620 0
3554052 0
3553753 0
3553564 0
3552501 0
3553357 0
3553410 0
3552977 0
3552768 0
3552909 0
3552901 0
3552910 0
3552903 0
3552911 150
3552915 0
3552728 0
3553875 0
3554105 0
3553654 0
3553474 0
3553758 0
3553160 0
3553438 0
3552943 0
3552540 0
3553473 0
3553475 0
3553488 0
3552568 0
3553498 0
3553761 0
3553638 0
3553644 0
3554057 0
3552586 0
3552534 0
3552653 150
3552637 0
3554075 0
3553380 0
3553510 0
3554170 0
3553428 0
3554013 0
3555406 0
3557237 0
3554389 0
3556721 0
3556872 0
3554823 0
3557536 0
3557368 0
3556295 0
3554526 0
3556713 0
3554795 0
3554318 0
3556874 0
3557271 0
3557236 0
3557362 0
3556892 0
3555692 0
3557098 0
3557482 0
3556163 0
3557835 0
3557815 0
3557218 0
3556704 0
3557071 0
3556266 0
3556197 0
3556247 0
3556443 0
3557280 0
3556699 0
3557277 0
3557558 0
3557192 0
3556843 0
3557767 0
3556690 0
3557820 0
3557481 0
3556700 0
3556712 0
3556318 0
3557191 0
3556428 0
3557729 0
3557730 0
3556630 0
3557872 0
3557838 0
3557214 0
3557472 0
3557902 0
3557829 0
3554403 0
3554905 0
3554726 0
3557244 0
3556710 0
3557821 0
3557248 0
3528457 0
3557393 0
3556702 0
3557210 0
3557554 0
3556657 0
3557205 0
3557286 0
3557409 0
3557553 0
3557547 0
3557284 150
3557010 0
3557543 0
3556420 0
3556577 0
3557212 0
3557365 200
3556251 0
3557507 0
3557572 0
3556649 200
3557223 0
3557781 0
3557000 0
3557227 0
3557630 0
3557127 0
3557570 0
3556982 0
3556656 0
3557140 0
3557282 0
3557531 0
3557239 0
3557559 0
3557893 0
3557105 0
3556703 0
3557372 0
3557537 0
3556636 150
3557385 150
3557358 0
3557400 0
3556542 0
3556994 0
3556311 0
3556411 0
3557189 0
3557578 0
3557783 0
3557462 0
3560210 0
3559824 0
3559133 0
3562059 0
3561571 0
3558281 0
3559113 0
3559383 0
3561633 0
3561732 0
3561497 0
3561624 0
3559752 0
3561790 0
3559925 0
3560271 0
3561137 0
3562113 0
3562080 0
3560315 0
3562182 0
3562261 0
3559848 0
3562194 0
3561496 0
3562004 0
3561733 0
3560577 0
3560656 0
3561444 0
3561381 0
3561719 0
3561165 0
3562005 0
3561465 0
3561644 0
3561032 0
3561613 0
3561064 0
3561395 0
3560335 0
3561509 0
3561787 0
3561473 0
3561225 0
3559733 0
3562241 0
3562073 0
3561648 0
3561765 0
3561464 0
3561549 200
3560640 0
3561481 0
3561479 0
3561506 0
3561494 0
3561668 0
3561646 0
3560663 0
3561472 0
3560608 0
3562147 0
3560778 0
3560792 0
3561394 0
3560593 0
3560774 200
3561764 0
3561616 0
3560719 0
3561245 0
3561252 0
3561498 0
3561246 0
3561316 0
3561649 0
3560781 0
3561482 0
3560416 0
3561675 0
3561601 0
3561541 0
3560873 0
3561079 0
3560395 0
3561271 0
3562139 0
3560649 0
3561943 0
3561457 0
3561827 0
3560420 0
3561546 0
3561211 0
3560770 0
3562043 0
3560635 0
3561873 0
3561138 0
3560677 0
3560678 0
3564798 0
3563638 0
3562846 0
3565046 0
3563790 0
3563404 150
3564640 0
3565048 0
3563988 0
3565042 0
3565000 0
3564408 0
3564110 0
3563411 0
3564096 0
3563911 0
3563791 0
3564576 0
3565342 0
3563909 0
3565283 0
3563929 0
3564617 0
3563759 0
3564642 0
3563766 0
3564786 0
3563987 0
3564627 0
3564848 0
3564140 0
3563786 0
3564296 0
3564089 0
3564765 0
3565164 0
3563331 0
3565229 0
3564297 0
3564298 0
3564066 0
3564636 0
3564083 0
3564663 150
3563690 150
3564899 0
3564664 0
3564766 0
3563671 150
3564699 0
3563733 0
3564659 0
3564117 0
3564770 0
3564682 0
3564028 0
3563658 0
3565202 0
3563762 0
3564801 0
3564514 0
3565276 0
3564925 0
3564859 0
3564629 0
3564850 0
3564179 0
3564129 0
3564630 0
3564607 0
3564910 150
3563758 0
3564646 0
3564782 0
3565153 0
3565355 0
3565274 0
3563684 0
3565271 0
3563764 0
3563765 0
3564852 0
3563819 0
3563792 0
3564946 0
3564003 0
3565272 0
3566534 0
3567390 0
3567501 0
3566936 0
3566560 0
3567352 0
3567913 0
3567721 0
3566752 0
3566997 0
3566806 0
3567867 0
3567356 0
3567270 0
3566639 0
3567288 0
3566641 0
3567619 0
3567223 0
3567351 0
3566607 0
3567553 0
3567341 0
3566644 0
3566990 0
3567533 0
3566825 0
3567645 0
3567126 0
3566722 0
3567161 0
3567704 0
3566394 0
3566378 0
3567919 0
3566446 0
3567024 0
3566481 0
3566197 0
3566649 0
3567828 0
3534126 0
3566642 200
3567610 0
3567131 0
3567603 0
3566887 0
3567705 0
3567195 0
3566780 0
3566934 0
3567396 0
3567554 0
3566781 0
3566643 0
3567567 0
3567214 0
3567141 0
3567298 0
3566669 0
3566913 0
3566793 0
3567401 0
3566573 0
3566943 0
3566565 0
3567412 0
3567375 0
3567350 0
3567376 0
3566937 0
3567839 0
3567236 0
3567374 0
3567563 0
3567380 0
3567385 0
3567381 0
3567383 0
3566804 0
3567384 0
3567339 0
3567580 0
3566755 0
3567458 0
3567484 0
3567512 0
3567087 0
3567870 0
3566727 0
3566743 0
3568451 0
3569847 0
3569982 0
3570018 0
3570419 0
3570529 0
3569725 0
3570019 200
3570325 0
3568284 0
3569066 0
3568285 0
3569076 0
3568357 0
3568273 0
3569290 0
3570063 0
3569767 0
3569986 0
3569896 0
3569435 0
3569541 0
3569994 0
3569993 0
3569713 0
3569558 0
3569559 0
3570103 0
3569139 0
3570153 0
3569173 0
3569055 0
3570201 0
3569553 0
3569557 0
3570290 0
3570259 0
3570058 0
3569497 0
3570136 0
3570022 0
3569838 0
3570326 0
3569995 0
3569172 0
3569997 0
3569662 0
3569415 0
3569062 0
3569380 0
3570023 0
3570374 0
3570517 0
3570175 0
3570612 0
3569363 0
3569980 0
3569440 0
3570165 0
3570466 0
3569124 0
3569562 0
3570507 0
3569466 0
3569467 0
3570006 200
3570089 0
3570007 0
3569987 0
3570024 0
3570228 0
3569164 0
3570298 0
3570151 0
3570049 0
3569848 0
3569991 0
3569490 0
3570044 0
3569499 0
3569442 0
3570025 0
3570261 0
3570065 0
3569069 0
3569145 0
3570523 0
3570144 0
3569732 0
3570498 0
3570150 150
3569888 0
3569644 0
3569746 0
3569451 0
3570132 0
3570553 0
3569816 0
3569973 0
3569471 0
3570014 0
3570195 0
3570426 0
3571069 0
3570944 0
3572744 200
3572786 0
3571881 0
3571882 0
3572228 0
3571701 0
3573069 0
3572768 0
3572970 0
3572333 0
3572334 0
3572971 0
3572360 0
3571991 0
3573344 0
3573084 0
3572781 0
3572820 0
3572152 0
3572819 0
3572104 0
3573386 0
3572110 0
3571940 0
3571459 0
3571420 0
3572797 0
3571137 0
3571084 0
3571673 0
3573413 0
3573046 0
3572377 0
3572483 0
3572989 0
3572975 0
3572136 0
3572850 0
3571988 0
3573159 0
3572100 0
3572129 0
3571973 0
3572245 0
3571977 0
3571992 0
3572796 0
3571975 0
3572730 0
3572803 0
3573095 0
3572361 0
3572782 0
3572831 0
3572576 0
3572807 0
3571918 0
3571910 0
3573237 0
3572626 0
3572246 0
3572778 0
3573032 0
3572978 0
3572777 0
3571983 0
3573329 0
3573342 0
3572998 0
3572890 0
3573330 0
3573228 0
3572742 0
3571943 0
3572237 0
3572801 0
3572204 0
3573014 150
3572981 0
3573092 0
3572520 0
3572521 0
3571995 0
3572101 0
3572902 0
3572775 0
3574584 0
3575698 0
3575388 0
3576365 0
3574888 0
3574760 0
3575652 0
3575764 0
3575404 0
3576035 0
3575121 0
3575144 0
3575829 0
3575986 0
3576351 0
3575050 0
3575257 0
3575813 0
3575258 200
3576009 0
3576407 0
3575993 0
3575758 0
3576068 0
3576251 0
3576172 0
3575179 150
3575784 0
3576123 0
3575526 0
3573992 0
3574928 0
3576318 0
3574546 0
3576327 0
3575162 0
3575568 0
3575825 0
3575664 0
3575061 0
3576243 0
3574927 150
3574848 0
3575213 0
3574739 0
3575422 150
3574962 0
3576432 0
3575767 0
3574731 0
3575548 0
3575312 0
3575174 0
3575182 0
3574958 0
3575857 0
3575221 0
3575996 0
3575760 0
3574779 150
3575586 0
3575560 0
3574999 150
3576154 0
3575980 0
3575622 0
3576431 0
3576434 0
3575741 0
3574827 0
3575255 0
3575569 0
3575130 0
3575983 0
3575894 0
3575198 0
3575935 0
3575750 200
3575256 200
3575929 0
3575997 0
3575192 0
3575936 0
3574832 0
3576438 0
3576063 0
3574839 0
3576306 0
3575796 0
3575699 0
3574860 0
3576374 0
3574847 0
3576490 0
3574881 0
3575941 0
3575933 0
3576355 0
3573634 0
3579614 0
3579510 0
3577622 150
3576575 0
3579536 0
3579603 0
3579432 0
3579088 0
3577547 0
3579288 0
3579138 0
3578491 0
3579586 0
3578928 0
3578952 0
3579326 0
3579458 0
3579006 0
3579584 0
3578320 0
3579174 0
3579533 0
3579013 0
3578462 0
3579561 0
3579459 0
3578493 0
3577001 0
3577645 0
3578999 0
3576638 0
3579506 0
3578004 0
3579515 0
3577127 0
3577426 0
3577779 0
3577034 0
3577728 0
3577543 0
3576812 0
3576827 0
3579077 0
3577853 0
3579217 0
3578426 0
3579202 0
3578295 0
3578193 0
3579277 0
3579001 0
3579064 0
3579551 150
3579082 0
3578700 150
3579527 0
3578995 0
3579200 0
3579089 150
3578155 0
3578665 0
3578429 0
3578274 0
3578962 0
3578960 0
3578961 0
3579107 0
3579207 0
3578971 0
3578968 0
3579456 0
3578997 0
3578234 0
3579538 0
3578066 0
3578153 0
3578754 0
3579220 0
3579532 0
3578223 0
3579275 150
3578101 0
3579065 0
3578457 0
3579092 0
3579503 0
3579078 0
3578070 0
3578428 0
3579085 150
3578507 0
3578528 0
3579581 0
3579591 0
3579222 0
3579095 0
3579590 0
3578210 0
3578098 0
3578964 0
3578518 0
3578927 0
3579086 0
3578941 0
3581908 0
3582199 0
3580609 0
3581313 0
3582478 0
3581706 0
3581090 0
3582196 0
3581073 0
3581503 0
3581440 0
3581897 0
3582125 0
3582228 0
3581954 0
3581893 0
3582032 0
3581951 0
3581906 0
3581961 0
3581903 0
3581528 0
3581904 0
3581900 0
3582142 0
3582035 0
3581451 0
3581972 0
3581404 0
3581405 0
3582281 0
3580645 150
3582282 0
3579963 0
3581475 0
3582124 0
3580636 0
3579783 0
3580652 0
3582056 0
3581718 0
3582502 0
3581180 0
3581540 0
3582267 0
3581226 0
3582399 0
3582400 0
3582401 0
3581532 0
3581907 0
3581894 0
3582512 0
3581958 0
3581959 0
3581772 0
3581896 0
3582139 0
3582086 0
3582149 0
3581497 0
3581494 0
3581380 150
3582389 0
3582089 0
3581747 0
3581314 0
3582076 0
3581924 0
3581979 0
3581343 0
3582355 0
3582356 150
3581016 0
3581795 0
3581980 0
3581283 0
3582078 0
3582380 0
3582214 0
3582079 0
3582080 0
3582081 0
3582082 0
3582083 0
3582442 0
3581941 0
3581901 0
3581534 0
3581244 0
3582095 0
3582066 0
3581925 0
3581344 0
3581912 0
3581905 0
3582397 0
3582517 0
3581125 0
3582054 0
3582429 0
3581047 0
3581130 0
3582488 0
3581748 0
3581911 0
3584056 0
3583897 0
3584129 0
3584542 0
3584632 0
3583872 0
3584214 0
3584533 0
3584038 0
3583888 0
3585047 0
3584742 0
3584706 0
3584570 0
3584429 0
3584549 0
3583499 0
3584117 0
3583543 0
3584521 0
3584550 0
3584924 0
3582781 0
3583001 0
3584022 0
3584466 0
3584664 0
3583762 0
3583822 0
3584015 0
3584585 0
3583066 0
3582687 0
3584277 0
3584745 0
3584522 0
3584623 0
3584554 0
3583978 0
3584128 200
3584705 0
3584839 0
3583900 0
3584649 150
3584060 0
3584326 0
3584529 0
3585051 0
3584140 0
3584543 0
3584094 0
3584967 0
3584044 0
3584956 0
3584556 0
3584541 0
3584754 0
3584203 0
3584782 0
3584208 0
3583891 0
3584703 0
3584725 0
3584965 0
3584531 150
3584198 0
3584539 0
3584204 0
3584696 0
3584716 0
3583967 0
3584569 0
3584718 0
3584544 0
3584704 0
3584682 0
3584776 0
3584609 0
3586098 0
3588747 0
3588998 0
3586911 0
3588040 0
3585340 0
3585286 0
3586994 0
3588248 0
3588785 0
3586673 0
3588001 0
3588234 0
3588055 0
3587013 0
3588081 0
3586618 0
3587962 0
3588365 0
3588988 0
3588926 0
3588139 0
3588700 0
3587715 0
3587006 150
3587228 0
3588228 0
3587759 0
3588892 0
3588014 0
3588047 0
3588101 0
3586670 0
3588028 0
3586619 0
3588471 0
3588472 0
3588473 0
3588474 0
3587894 0
3587202 0
3587203 0
3588226 0
3588996 0
3588031 0
3588708 0
3588010 0
3587204 0
3588332 0
3588503 0
3586745 0
3588953 0
3588043 0
3588073 0
3588738 0
3588118 0
3588075 0
3588053 0
3588117 0
3587209 0
3585544 0
3586787 0
3586928 0
3587610 0
3588831 0
3589052 0
3588016 0
3587170 0
3588152 150
3588795 0
3588877 0
3588130 0
3586799 0
3588260 0
3587055 0
3588070 0
3588402 0
3588071 0
3588020 0
3588015 0
3589003 0
3588457 0
3588012 0
3587656 0
3587905 0
3587172 0
3586898 0
3588358 0
3588027 0
3586695 0
3587624 0
3588007 0
3588455 0
3586973 0
3588011 0
3588024 0
3587150 0
3588229 0
3588225 0
3588371 0
3588509 0
3588032 0
3588033 0
3588034 0
3587778 0
3588132 0
3588511 0
3587747 0
3588715 0
3588716 0
3588717 150
3588552 0
3588372 0
3588650 0
3588718 150
3587219 0
3586767 150
3588212 0
3588374 0
3588519 0
3588279 0
3587162 0
3586693 0
3587647 0
3588103 0
3588344 0
3588940 0
3586781 0
3586699 0
3587321 0
3587639 0
3588938 0
3588072 0
3588954 0
3588242 0
3588802 0
3587775 0
3587179 0
3588295 0
3588535 0
3586729 0
3586782 0
3587194 0
3588507 0
3588774 0
3587253 0
3588908 0
3586737 0
3588343 0
3587591 0
3588114 150
3587326 0
3586858 0
3588958 0
3588061 0
3586902 150
3588918 0
3587723 0
3588286 0
3586831 0
3588342 0
3586888 200
3586728 0
3586813 0
3588579 0
3588098 0
3588086 0
3586593 150
3588353 0
3588168 0
3586777 0
3588023 0
3591389 0
3589881 0
3589937 0
3592032 0
3592050 0
3592034 0
3591567 0
3590668 0
3591181 0
3591937 0
3591503 0
3590879 0
3591440 0
3591902 0
3591637 0
3591341 0
3591350 0
3591427 0
3590742 0
3591483 0
3590363 0
3590364 0
3590419 0
3591700 0
3591343 0
3590776 0
3591985 0
3590339 0
3591020 0
3591033 0
3591264 0
3590665 0
3591682 0
3589827 0
3589360 0
3591920 0
3592073 0
3592074 0
3592089 0
3591579 0
3590090 0
3590337 0
3590331 0
3591633 0
3590325 0
3591365 0
3590830 0
3591056 0
3590531 0
3590396 0
3592055 0
3591123 0
3590318 0
3590878 0
3591634 0
3590564 0
3591906 0
3591121 0
3591112 0
3591426 0
3591424 0
3591800 0
3591957 0
3590631 0
3591299 0
3590845 0
3590838 0
3591549 0
3591361 0
3591618 0
3591193 0
3591363 0
3591318 0
3590550 0
3591659 0
3591409 0
3590368 0
3590409 0
3590410 0
3591384 0
3591640 0
3591495 0
3591516 0
3591843 0
3591072 0
3590553 0
3591646 0
3590422 0
3591552 0
3589134 0
3590490 0
3594651 0
3593691 0
3595296 0
3594893 0
3594647 0
3594648 0
3594892 0
3594829 0
3592194 0
3594089 0
3594649 0
3594815 0
3594579 0
3595350 0
3594807 0
3595401 0
3595183 0
3594842 0
3595076 0
3594671 0
3594035 0
3595294 0
3594629 0
3594631 0
3594715 0
3595291 0
3594973 0
3595295 0
3593707 0
3594911 0
3593684 0
3595147 0
3594947 0
3595292 0
3595293 0
3594638 0
3594639 0
3594096 0
3594665 0
3594925 0
3594463 0
3593694 0
3594666 0
3594422 0
3594723 0
3594898 150
3594662 0
3594636 0
3594894 0
3595112 0
3595245 0
3594921 0
3594302 0
3594234 0
3593013 0
3594697 0
3594646 0
3594698 0
3595094 0
3592609 0
3592394 0
3594045 0
3594693 0
3593973 0
3594399 0
3595159 0
3594349 0
3593269 0
3594694 0
3593445 0
3594414 0
3593247 0
3595383 0
3594615 0
3593712 0
3594860 0
3595175 0
3595176 0
3593873 0
3594149 0
3594005 0
3594160 0
3594912 0
3594763 0
3594652 0
3594175 0
3594695 150
3594531 0
3594765 0
3593853 0
3594628 0
3594721 0
3594063 0
3593612 0
3594792 0
3594778 0
3594771 0
3594637 0
3595344 0
3594879 0
3593731 0
3595329 0
3594716 0
3593732 0
3594770 0
3594090 0
3594836 200
3594656 0
3594657 0
3594732 0
3593871 0
3594353 0
3595186 0
3594914 0
3594824 150
3594128 0
3594645 0
3594938 0
3594875 0
3594032 0
3593924 0
3595327 0
3594696 0
3594151 0
3594876 0
3594806 0
3595322 0
3594735 0
3594959 0
3595213 0
3595248 0
3593791 0
3593831 0
3595008 150
3593978 0
3593687 0
3593746 0
3594086 0
3593711 0
3594724 0
3595275 0
3594411 0
3596830 0
3598037 0
3598087 0
3598334 0
3597310 0
3598264 0
3598179 0
3596977 0
3596959 0
3595986 0
3598840 0
3597496 0
3598148 0
3597768 0
3598256 0
3597362 0
3598090 0
3598805 0
3598343 0
3598270 0
3597376 0
3597296 0
3598250 0
3597947 0
3598413 0
3597815 0
3598853 0
3598344 0
3598730 0
3598118 0
3596358 0
3598061 0
3596448 0
3596081 0
3598655 0
3597773 0
3598044 0
3596659 0
3595719 0
3598129 0
3598089 0
3597782 0
3598408 0
3597344 0
3597346 0
3597797 0
3597849 0
3597092 0
3598784 0
3598740 0
3598739 0
3598850 0
3597996 0
3597983 0
3598424 0
3598717 0
3597387 0
3598265 0
3597571 0
3597545 0
3598650 0
3598259 0
3598291 0
3597027 0
3598075 0
3598418 0
3597898 0
3597740 0
3598404 0
3597028 0
3597587 0
3597265 0
3598406 0
3598278 0
3598071 0
3597907 0
3597029 0
3597333 0
3598274 0
3597590 0
3598093 0
3598282 0
3598436 0
3597254 0
3598737 0
3597309 0
3598097 200
3597548 0
3597212 0
3597437 0
3597227 0
3598731 0
3598457 0
3598460 0
3597228 0
3598454 0
3597226 0
3597765 0
3598897 0
3599327 0
3599484 0
3599524 0
3599451 0
3599759 0
3598933 0
3599768 0
3599632 200
3599544 0
3598919 0
3599522 0
3599643 0
3599644 0
3599463 0
3599769 0
3599572 0
3599610 200
3599212 0
3599325 0
3599141 0
3598934 0
3599603 0
3599751 0
3598935 0
3599144 0
3599447 0
3599406 0
3599055 0
3599714 0
3598918 150
3599482 0
3599486 0
3599584 0
3599798 0
3598884 0
3599389 0
3599612 0
3599363 0
3599366 0
3599367 0
3599364 0
3599145 0
3599480 0
3599590 0
3599597 0
3599493 150
3599691 0
3599481 0
3599444 0
3599687 0
3599334 0
3599613 0
3599633 0
3599772 0
3599450 0
3599114 0
3599601 0
3598943 0
3598939 0
3598937 0
3599460 0
3599166 0
3599634 0
3599161 0
3599208 0
3598899 0
3599264 0
3599507 0
3599742 0
3599792 0
3557204 0
